rodada makespan nPeers nMachines upp instance limit goodput badput avTime cost
 1  42487.571428571427532006 100 30  1 c1.medium 100 -1 -1 -1   522.087999999999965439201
 1  10921.714285714286233997 100 30  1 c1.xlarge 100 -1 -1 -1   944.865999999999985448085
 1  56096.428571428572467994 100 30  1 m1.large 100 -1 -1 -1  1304.865999999999985448085
 1 251764.190476190473418683 100 30  1 m1.small 100 -1 -1 -1  1155.737000000000080035534
 1  24505.095238095236709341 100 30  1 m1.xlarge 100 -1 -1 -1  1674.251999999999952706276
 1  13668.809523809522943338 100 30  1 m2.2xlarge 100 -1 -1 -1  2314.052000000000134605216
 1   8300.380952380952294334 100 30  1 m2.4xlarge 100 -1 -1 -1  2804.255000000000109139364
 1  29949.666666666667879326 100 30  1 m2.xlarge 100 -1 -1 -1  1343.317000000000007275958
 1  26927.857142857141298009  50 30  1 c1.medium 100 -1 -1 -1   213.686000000000007048584
 1  10763.000000000000000000  50 30  1 c1.xlarge 100 -1 -1 -1   238.210000000000007958079
 1  33658.285714285717403982  50 30  1 m1.large 100 -1 -1 -1   151.969999999999998863132
 1 121310.714285714289871976  50 30  1 m1.small 100 -1 -1 -1   153.097000000000008412826
 1  20388.571428571427532006  50 30  1 m1.xlarge 100 -1 -1 -1   166.608000000000004092726
 1  12548.142857142856883002  50 30  1 m2.2xlarge 100 -1 -1 -1   145.759999999999990905053
 1   8279.714285714286233997  50 30  1 m2.4xlarge 100 -1 -1 -1   185.900000000000005684342
 1  20715.142857142858701991  50 30  1 m2.xlarge 100 -1 -1 -1   193.729999999999989768185
 1  49751.639999999999417923 100 30  5 c1.medium 100 -1 -1 -1  4026.670000000000072759576
 1  14677.120000000000800355 100 30  5 c1.xlarge 100 -1 -1 -1  5384.493000000000392901711
 1  62922.666666666664241347 100 30  5 m1.large 100 -1 -1 -1  9647.371999999999388819560
 1 263456.760000000009313226 100 30  5 m1.small 100 -1 -1 -1 10071.236000000000785803422
 1  32851.360000000000582077 100 30  5 m1.xlarge 100 -1 -1 -1 10722.824000000000523868948
 1  19332.173333333332266193 100 30  5 m2.2xlarge 100 -1 -1 -1 12189.239999999999781721272
 1  11148.453333333332921029 100 30  5 m2.4xlarge 100 -1 -1 -1 15376.284999999999854480848
 1  37677.480000000003201421 100 30  5 m2.xlarge 100 -1 -1 -1  8962.164000000000669388101
 1  31287.620689655173919164  50 30  5 c1.medium 100 -1 -1 -1   699.798999999999978172127
 1  11334.862068965518119512  50 30  5 c1.xlarge 100 -1 -1 -1   836.323999999999955434760
 1  39210.206896551724639721  50 30  5 m1.large 100 -1 -1 -1   684.892000000000052750693
 1 147909.172413793101441115  50 30  5 m1.small 100 -1 -1 -1   707.595000000000027284841
 1  22332.724137931036239024  50 30  5 m1.xlarge 100 -1 -1 -1   808.183999999999969077180
 1  13744.931034482759059756  50 30  5 m2.2xlarge 100 -1 -1 -1   693.730000000000018189894
 1   8719.655172413793479791  50 30  5 m2.4xlarge 100 -1 -1 -1   806.059999999999945430318
 1  24059.758620689655799652  50 30  5 m2.xlarge 100 -1 -1 -1  1246.287499999999909050530
 1  25511.815999999998894054 100 30 10 c1.medium 100 -1 -1 -1  4741.921000000000276486389
 1   9943.136000000000422006 100 30 10 c1.xlarge 100 -1 -1 -1  6137.451000000000021827873
 1  32243.455999999998311978 100 30 10 m1.large 100 -1 -1 -1 14104.300999999999476131052
 1 128761.888000000006286427 100 30 10 m1.small 100 -1 -1 -1 12901.728999999999359715730
 1  18679.448000000000320142 100 30 10 m1.xlarge 100 -1 -1 -1 12721.579999999999927240424
 1  11471.191999999999097781 100 30 10 m2.2xlarge 100 -1 -1 -1 14448.096999999999752617441
 1   7633.960000000000036380 100 30 10 m2.4xlarge 100 -1 -1 -1 17298.568999999999505234882
 1  19495.511999999998806743 100 30 10 m2.xlarge 100 -1 -1 -1 11019.138000000000829459168
 1  33764.246575342462165281  50 30 10 c1.medium 100 -1 -1 -1  3395.063999999999850842869
 1  11581.520547945205180440  50 30 10 c1.xlarge 100 -1 -1 -1  1792.232999999999947249307
 1  42613.808219178084982559  50 30 10 m1.large 100 -1 -1 -1  1510.261999999999943611328
 1 183000.287671232887078077  50 30 10 m1.small 100 -1 -1 -1  1464.036000000000058207661
 1  23511.767123287670983700  50 30 10 m1.xlarge 100 -1 -1 -1  2697.815999999999803549144
 1  13988.013698630136786960  50 30 10 m2.2xlarge 100 -1 -1 -1  2324.074999999999818101060
 1   8803.424657534245852730  50 30 10 m2.4xlarge 100 -1 -1 -1  1783.180000000000063664629
 1  25604.369863013696885901  50 30 10 m2.xlarge 100 -1 -1 -1  1821.000000000000000000000
 2  16717.000000000000000000 100 30  1 c1.medium 100 -1 -1 -1   153.933999999999997498890
 2   7037.166666666666969832 100 30  1 c1.xlarge 100 -1 -1 -1   230.088999999999998635758
 2  20895.666666666667879326 100 30  1 m1.large 100 -1 -1 -1   392.697000000000002728484
 2  75600.000000000000000000 100 30  1 m1.small 100 -1 -1 -1   352.057999999999992724042
 2  12651.333333333333939663 100 30  1 m1.xlarge 100 -1 -1 -1   439.000000000000000000000
 2   7786.166666666666969832 100 30  1 m2.2xlarge 100 -1 -1 -1   524.758000000000038198777
 2   5413.666666666666969832 100 30  1 m2.4xlarge 100 -1 -1 -1   685.811000000000035470293
 2  12859.833333333333939663 100 30  1 m2.xlarge 100 -1 -1 -1   408.360999999999989995558
 2   1646.000000000000000000  50 30  1 c1.medium 100 -1 -1 -1     1.699999999999999955591
 2   1646.000000000000000000  50 30  1 c1.xlarge 100 -1 -1 -1     1.540000000000000035527
 2   2058.000000000000000000  50 30  1 m1.large 100 -1 -1 -1     2.209999999999999964473
 2   6120.000000000000000000  50 30  1 m1.small 100 -1 -1 -1     1.070999999999999952038
 2   2058.000000000000000000  50 30  1 m1.xlarge 100 -1 -1 -1     2.236000000000000209610
 2   1266.000000000000000000  50 30  1 m2.2xlarge 100 -1 -1 -1     3.009999999999999786837
 2   1266.000000000000000000  50 30  1 m2.4xlarge 100 -1 -1 -1     3.080000000000000071054
 2   1266.000000000000000000  50 30  1 m2.xlarge 100 -1 -1 -1     2.975000000000000088818
 2  38793.983870967742404900 100 30  5 c1.medium 100 -1 -1 -1  3307.141999999999825377017
 2  13372.000000000000000000 100 30  5 c1.xlarge 100 -1 -1 -1  4873.610599999999976716936
 2  48560.967741935484809801 100 30  5 m1.large 100 -1 -1 -1  9408.018000000000029103830
 2 190562.435483870969619602 100 30  5 m1.small 100 -1 -1 -1  6921.342999999999847204890
 2  27197.338709677420411026 100 30  5 m1.xlarge 100 -1 -1 -1  8876.167999999999665305950
 2  16639.112903225806803675 100 30  5 m2.2xlarge 100 -1 -1 -1 10009.072000000000116415322
 2  10232.177419354839003063 100 30  5 m2.4xlarge 100 -1 -1 -1 12056.211999999999534338713
 2  29783.758064516128797550 100 30  5 m2.xlarge 100 -1 -1 -1  7444.501000000000203726813
 2  21299.500000000000000000  50 30  5 c1.medium 100 -1 -1 -1   562.073999999999955434760
 2   8266.821428571429350995  50 30  5 c1.xlarge 100 -1 -1 -1   608.177999999999997271516
 2  26984.428571428572467994  50 30  5 m1.large 100 -1 -1 -1   415.115999999999985448085
 2 118903.000000000000000000  50 30  5 m1.small 100 -1 -1 -1   248.576999999999998181011
 2  15380.071428571429350995  50 30  5 m1.xlarge 100 -1 -1 -1   589.221999999999979991117
 2   9366.535714285713766003  50 30  5 m2.2xlarge 100 -1 -1 -1   615.370000000000004547474
 2   6336.000000000000000000  50 30  5 m2.4xlarge 100 -1 -1 -1   550.019999999999981810106
 2  16057.892857142856883002  50 30  5 m2.xlarge 100 -1 -1 -1   546.267500000000040927262
 2  36730.543478260871779639 100 30 10 c1.medium 100 -1 -1 -1  6253.149999999999636202119
 2  11546.782608695652015740 100 30 10 c1.xlarge 100 -1 -1 -1  8799.903000000000247382559
 2  46962.543478260871779639 100 30 10 m1.large 100 -1 -1 -1 15212.434999999999490682967
 2 200144.369565217377385125 100 30 10 m1.small 100 -1 -1 -1 14471.058999999999286956154
 2  24736.782608695652015740 100 30 10 m1.xlarge 100 -1 -1 -1 17307.703000000001338776201
 2  14570.630434782608062960 100 30 10 m2.2xlarge 100 -1 -1 -1 19832.760999999998603016138
 2   8813.673913043478023610 100 30 10 m2.4xlarge 100 -1 -1 -1 24532.427999999999883584678
 2  27649.057971014492068207 100 30 10 m2.xlarge 100 -1 -1 -1 15896.179000000000087311491
 2  27921.339285714286233997  50 30 10 c1.medium 100 -1 -1 -1  2284.748000000000047293724
 2   9987.142857142856883002  50 30 10 c1.xlarge 100 -1 -1 -1  1824.910000000000081854523
 2  35840.875000000000000000  50 30 10 m1.large 100 -1 -1 -1   969.981999999999970896170
 2 154744.732142857130384073  50 30 10 m1.small 100 -1 -1 -1   943.215000000000031832315
 2  19697.446428571427532006  50 30 10 m1.xlarge 100 -1 -1 -1  1255.019999999999981810106
 2  11938.000000000000000000  50 30 10 m2.2xlarge 100 -1 -1 -1  1387.262999999999919964466
 2   7593.446428571428441501  50 30 10 m2.4xlarge 100 -1 -1 -1  1701.238000000000056388672
 2  21083.500000000000000000  50 30 10 m2.xlarge 100 -1 -1 -1  1266.369999999999890860636
 3  50770.666666666664241347 100 30  1 c1.medium 100 -1 -1 -1   587.381999999999948158802
 3  15426.111111111111313221 100 30  1 c1.xlarge 100 -1 -1 -1   800.049999999999954525265
 3  63649.444444444445252884 100 30  1 m1.large 100 -1 -1 -1  1456.079999999999927240424
 3 254071.000000000000000000 100 30  1 m1.small 100 -1 -1 -1  1050.842000000000098225428
 3  33892.888888888890505768 100 30  1 m1.xlarge 100 -1 -1 -1  1542.647999999999910869519
 3  20567.666666666667879326 100 30  1 m2.2xlarge 100 -1 -1 -1  1699.932000000000016370905
 3  11691.666666666666060337 100 30  1 m2.4xlarge 100 -1 -1 -1  1807.075000000000045474735
 3  38882.333333333335758653 100 30  1 m2.xlarge 100 -1 -1 -1  1308.569999999999936335371
 3  75616.000000000000000000  50 30  1 c1.medium 100 -1 -1 -1    86.563999999999992951416
 3  23272.500000000000000000  50 30  1 c1.xlarge 100 -1 -1 -1    92.349999999999994315658
 3  94514.500000000000000000  50 30  1 m1.large 100 -1 -1 -1   132.080000000000012505552
 3 366500.500000000000000000  50 30  1 m1.small 100 -1 -1 -1   140.832999999999998408384
 3  50567.000000000000000000  50 30  1 m1.xlarge 100 -1 -1 -1   135.304000000000002046363
 3  31122.000000000000000000  50 30  1 m2.2xlarge 100 -1 -1 -1   156.334000000000003183231
 3  17903.500000000000000000  50 30  1 m2.4xlarge 100 -1 -1 -1   122.555000000000006821210
 3  58170.000000000000000000  50 30  1 m2.xlarge 100 -1 -1 -1   139.120000000000004547474
 3  35178.849315068495343439 100 30  5 c1.medium 100 -1 -1 -1  3820.675999999999930878403
 3  11696.301369863012951100 100 30  5 c1.xlarge 100 -1 -1 -1  4241.720000000000254658516
 3  44706.863013698632130399 100 30  5 m1.large 100 -1 -1 -1  8090.140999999999621650204
 3 180633.630136986292200163 100 30  5 m1.small 100 -1 -1 -1  7538.725999999999658029992
 3  23904.917808219179278240 100 30  5 m1.xlarge 100 -1 -1 -1  8826.088999999999941792339
 3  14366.219178082192229340 100 30  5 m2.2xlarge 100 -1 -1 -1  9896.480999999999767169356
 3   8970.095890410959327710 100 30  5 m2.4xlarge 100 -1 -1 -1 12325.905000000000654836185
 3  26387.287671232876164140 100 30  5 m2.xlarge 100 -1 -1 -1  8009.417000000000371073838
 3  22621.590909090908098733  50 30  5 c1.medium 100 -1 -1 -1   223.807999999999992724042
 3   9416.909090909090082278  50 30  5 c1.xlarge 100 -1 -1 -1   473.357399999999984174792
 3  28503.000000000000000000  50 30  5 m1.large 100 -1 -1 -1   391.898000000000024556357
 3 111328.272727272720658220  50 30  5 m1.small 100 -1 -1 -1   393.995000000000004547474
 3  16820.000000000000000000  50 30  5 m1.xlarge 100 -1 -1 -1   607.580000000000040927262
 3  10277.000000000000000000  50 30  5 m2.2xlarge 100 -1 -1 -1   689.164999999999963620212
 3   7244.090909090909008228  50 30  5 m2.4xlarge 100 -1 -1 -1   478.579000000000007730705
 3  17357.772727272727934178  50 30  5 m2.xlarge 100 -1 -1 -1   359.730000000000018189894
 3  47658.088000000003376044 100 30 10 c1.medium 100 -1 -1 -1  6345.796000000000276486389
 3  13771.087999999999738066 100 30 10 c1.xlarge 100 -1 -1 -1  8269.584999999999126885086
 3  60822.288000000000465661 100 30 10 m1.large 100 -1 -1 -1 18006.883999999998195562512
 3 268783.824000000022351742 100 30 10 m1.small 100 -1 -1 -1 17814.337999999999738065526
 3  31189.087999999999738066 100 30 10 m1.xlarge 100 -1 -1 -1 17202.358000000000174622983
 3  18224.360000000000582077 100 30 10 m2.2xlarge 100 -1 -1 -1 19135.763999999999214196578
 3  10486.927999999999883585 100 30 10 m2.4xlarge 100 -1 -1 -1 29393.260999999998603016138
 3  35787.279999999998835847 100 30 10 m2.xlarge 100 -1 -1 -1 14164.440000000000509317033
 3  29675.469696969696087763  50 30 10 c1.medium 100 -1 -1 -1  1301.791999999999916326487
 3  10483.045454545454049367  50 30 10 c1.xlarge 100 -1 -1 -1  4150.628999999999905412551
 3  37388.893939393936307169  50 30 10 m1.large 100 -1 -1 -1  1449.993999999999914507498
 3 175371.060606060607824475  50 30 10 m1.small 100 -1 -1 -1  1300.550999999999930878403
 3  21023.863636363636032911  50 30 10 m1.xlarge 100 -1 -1 -1  2564.692000000000007275958
 3  12701.530303030303912237  50 30 10 m2.2xlarge 100 -1 -1 -1  1387.049999999999954525265
 3   8025.469696969696997257  50 30 10 m2.4xlarge 100 -1 -1 -1  1756.055000000000063664629
 3  22687.030303030303912237  50 30 10 m2.xlarge 100 -1 -1 -1  1398.085000000000036379788
 4  29167.266666666666424135 100 30  1 c1.medium 100 -1 -1 -1   696.856999999999970896170
 4  10298.466666666667151731 100 30  1 c1.xlarge 100 -1 -1 -1   886.047000000000025465852
 4  36458.066666666665696539 100 30  1 m1.large 100 -1 -1 -1  1673.531999999999925421434
 4 136993.533333333325572312 100 30  1 m1.small 100 -1 -1 -1  1647.932000000000016370905
 4  20572.200000000000727596 100 30  1 m1.xlarge 100 -1 -1 -1  1848.809999999999945430318
 4  12661.733333333333575865 100 30  1 m2.2xlarge 100 -1 -1 -1  2092.378000000000156433089
 4   7922.666666666666969832 100 30  1 m2.4xlarge 100 -1 -1 -1  2562.032000000000152795110
 4  22439.133333333335031057 100 30  1 m2.xlarge 100 -1 -1 -1  1550.986000000000103682396
 4  33207.750000000000000000  50 30  1 c1.medium 100 -1 -1 -1    62.423999999999999488409
 4  12765.750000000000000000  50 30  1 c1.xlarge 100 -1 -1 -1   104.909999999999996589395
 4  41507.500000000000000000  50 30  1 m1.large 100 -1 -1 -1   111.358000000000004092726
 4 153711.750000000000000000  50 30  1 m1.small 100 -1 -1 -1   113.176000000000001932676
 4  24396.000000000000000000  50 30  1 m1.xlarge 100 -1 -1 -1   122.251999999999995338840
 4  15015.250000000000000000  50 30  1 m2.2xlarge 100 -1 -1 -1   199.379999999999995452526
 4   9820.500000000000000000  50 30  1 m2.4xlarge 100 -1 -1 -1   130.750000000000000000000
 4  25546.750000000000000000  50 30  1 m2.xlarge 100 -1 -1 -1   115.530000000000001136868
 4  27325.693548387098417152 100 30  5 c1.medium 100 -1 -1 -1  2447.295000000000072759576
 4  10168.612903225806803675 100 30  5 c1.xlarge 100 -1 -1 -1  3200.804000000000087311491
 4  34288.112903225803165697 100 30  5 m1.large 100 -1 -1 -1  8093.865999999999985448085
 4 132921.758064516121521592 100 30  5 m1.small 100 -1 -1 -1  5325.881000000000312866177
 4  19744.548387096772785299 100 30  5 m1.xlarge 100 -1 -1 -1  6665.975999999999658029992
 4  12049.532258064517009188 100 30  5 m2.2xlarge 100 -1 -1 -1  7552.783999999999650754035
 4   7801.403225806451700919 100 30  5 m2.4xlarge 100 -1 -1 -1  9017.112999999999374267645
 4  20960.048387096772785299 100 30  5 m2.xlarge 100 -1 -1 -1  5562.332000000000334694050
 4  29372.022727272727934178  50 30  5 c1.medium 100 -1 -1 -1  1144.263999999999896317604
 4  10156.840909090909917722  50 30  5 c1.xlarge 100 -1 -1 -1  2028.121000000000094587449
 4  38538.522727272727934178  50 30  5 m1.large 100 -1 -1 -1   830.258000000000038198777
 4 207523.772727272735210136  50 30  5 m1.small 100 -1 -1 -1   731.184999999999945430318
 4  19555.772727272727934178  50 30  5 m1.xlarge 100 -1 -1 -1   969.696000000000026375346
 4  11803.931818181818016456  50 30  5 m2.2xlarge 100 -1 -1 -1  1541.487000000000080035534
 4   7813.522727272727024683  50 30  5 m2.4xlarge 100 -1 -1 -1  1165.573000000000092768460
 4  21481.250000000000000000  50 30  5 m2.xlarge 100 -1 -1 -1  1341.221999999999979991117
 4  35598.495495495495561045 100 30 10 c1.medium 100 -1 -1 -1  5549.171999999999570718501
 4  12262.936936936936035636 100 30 10 c1.xlarge 100 -1 -1 -1  6843.139000000000123691279
 4  44769.279279279282491188 100 30 10 m1.large 100 -1 -1 -1 13524.264999999999417923391
 4 176912.279279279289767146 100 30 10 m1.small 100 -1 -1 -1 15417.117000000000189174898
 4  24813.963963963964488357 100 30 10 m1.xlarge 100 -1 -1 -1 15429.070999999999912688509
 4  15144.846846846847256529 100 30 10 m2.2xlarge 100 -1 -1 -1 17792.629000000000814907253
 4   9370.864864864865012350 100 30 10 m2.4xlarge 100 -1 -1 -1 19139.968000000000756699592
 4  27133.495495495495561045 100 30 10 m2.xlarge 100 -1 -1 -1 11971.654000000000451109372
 4  47751.606060606063692831  50 30 10 c1.medium 100 -1 -1 -1  2006.726000000000112777343
 4  14583.560606060606005485  50 30 10 c1.xlarge 100 -1 -1 -1  4035.512000000000170985004
 4  60580.848484848487714771  50 30 10 m1.large 100 -1 -1 -1  1913.548000000000001818989
 4 246987.393939393950859085  50 30 10 m1.small 100 -1 -1 -1  1962.463999999999941792339
 4  31888.621212121212010970  50 30 10 m1.xlarge 100 -1 -1 -1  2309.371999999999843566911
 4  19123.848484848484076792  50 30 10 m2.2xlarge 100 -1 -1 -1  2903.692000000000007275958
 4  11168.393939393939945148  50 30 10 m2.4xlarge 100 -1 -1 -1  2466.509000000000014551915
 4  36205.984848484848043881  50 30 10 m2.xlarge 100 -1 -1 -1  3073.489999999999781721272
 5  26241.714285714286233997 100 30  1 c1.medium 100 -1 -1 -1   304.689000000000021373125
 5   8727.714285714286233997 100 30  1 c1.xlarge 100 -1 -1 -1   362.836000000000012732926
 5  32800.285714285717403982 100 30  1 m1.large 100 -1 -1 -1   814.816000000000030922820
 5 125469.857142857144935988 100 30  1 m1.small 100 -1 -1 -1   720.116999999999961801223
 5  17962.857142857141298009 100 30  1 m1.xlarge 100 -1 -1 -1   789.929999999999949977791
 5  11055.428571428570649005 100 30  1 m2.2xlarge 100 -1 -1 -1   903.466999999999984538590
 5   6714.285714285714675498 100 30  1 m2.4xlarge 100 -1 -1 -1  1029.000999999999976353138
 5  20187.571428571427532006 100 30  1 m2.xlarge 100 -1 -1 -1   675.826000000000021827873
 5  59383.250000000000000000  50 30  1 c1.medium 100 -1 -1 -1   248.075999999999993406163
 5  19039.250000000000000000  50 30  1 c1.xlarge 100 -1 -1 -1   296.500000000000000000000
 5  74225.750000000000000000  50 30  1 m1.large 100 -1 -1 -1   204.074000000000012278178
 5 322622.000000000000000000  50 30  1 m1.small 100 -1 -1 -1   214.514999999999986357579
 5  40399.250000000000000000  50 30  1 m1.xlarge 100 -1 -1 -1   405.223999999999989540811
 5  24864.750000000000000000  50 30  1 m2.2xlarge 100 -1 -1 -1   241.700999999999993406163
 5  14646.250000000000000000  50 30  1 m2.4xlarge 100 -1 -1 -1   203.560000000000002273737
 5  45683.750000000000000000  50 30  1 m2.xlarge 100 -1 -1 -1   184.395000000000010231815
 5  29832.777777777777373558 100 30  5 c1.medium 100 -1 -1 -1  3041.213999999999941792339
 5  10253.263888888888686779 100 30  5 c1.xlarge 100 -1 -1 -1  3543.365999999999985448085
 5  37516.708333333335758653 100 30  5 m1.large 100 -1 -1 -1  6518.721999999999752617441
 5 149394.347222222218988463 100 30  5 m1.small 100 -1 -1 -1  6206.925000000000181898940
 5  20851.888888888890505768 100 30  5 m1.xlarge 100 -1 -1 -1  7252.204999999999927240424
 5  12548.583333333333939663 100 30  5 m2.2xlarge 100 -1 -1 -1  8410.450999999999112333171
 5   7795.180555555555656611 100 30  5 m2.4xlarge 100 -1 -1 -1 11090.113999999999577994458
 5  22740.597222222222626442 100 30  5 m2.xlarge 100 -1 -1 -1  6719.581000000000130967237
 5  34835.088235294118931051  50 30  5 c1.medium 100 -1 -1 -1   501.326000000000021827873
 5  12050.029411764706310350  50 30  5 c1.xlarge 100 -1 -1 -1  1326.561799999999948340701
 5  43979.794117647055827547  50 30  5 m1.large 100 -1 -1 -1   851.785999999999944520823
 5 192532.029411764699034393  50 30  5 m1.small 100 -1 -1 -1   827.855000000000018189894
 5  24298.529411764706310350  50 30  5 m1.xlarge 100 -1 -1 -1   967.927999999999997271516
 5  14796.529411764706310350  50 30  5 m2.2xlarge 100 -1 -1 -1   862.219000000000050931703
 5   9243.058823529412620701  50 30  5 m2.4xlarge 100 -1 -1 -1  1058.762999999999919964466
 5  26587.764705882353155175  50 30  5 m2.xlarge 100 -1 -1 -1  1220.795000000000072759576
 5  37631.807999999997264240 100 30 10 c1.medium 100 -1 -1 -1  5380.617000000000189174898
 5  11457.951999999999316060 100 30 10 c1.xlarge 100 -1 -1 -1  7926.726200000000062573235
 5  47897.512000000002444722 100 30 10 m1.large 100 -1 -1 -1 13206.141999999999825377017
 5 195362.344000000011874363 100 30 10 m1.small 100 -1 -1 -1 12114.380999999999403371476
 5  25111.504000000000814907 100 30 10 m1.xlarge 100 -1 -1 -1 14546.958000000000538420863
 5  14404.391999999999825377 100 30 10 m2.2xlarge 100 -1 -1 -1 17987.693999999999505234882
 5   8736.335999999999330612 100 30 10 m2.4xlarge 100 -1 -1 -1 20153.465000000000145519152
 5  28199.840000000000145519 100 30 10 m2.xlarge 100 -1 -1 -1 12015.494000000000596628524
 5  48616.527027027026633732  50 30 10 c1.medium 100 -1 -1 -1  2575.902000000000043655746
 5  15345.229729729730024701  50 30 10 c1.xlarge 100 -1 -1 -1  2273.489999999999781721272
 5  61238.945945945946732536  50 30 10 m1.large 100 -1 -1 -1  2292.653999999999996362021
 5 247098.216216216213069856  50 30 10 m1.small 100 -1 -1 -1  2067.554999999999836290954
 5  32843.716216216213069856  50 30 10 m1.xlarge 100 -1 -1 -1  3502.429999999999836290954
 5  19789.770270270269975299  50 30 10 m2.2xlarge 100 -1 -1 -1  2215.019999999999981810106
 5  11735.824324324325061752  50 30 10 m2.4xlarge 100 -1 -1 -1  2931.664999999999963620212
 5  37030.648648648646485526  50 30 10 m2.xlarge 100 -1 -1 -1  2863.710999999999785359250
 6  30120.818181818180164555 100 30  1 c1.medium 100 -1 -1 -1   529.109000000000037289283
 6  11672.363636363636032911 100 30  1 c1.xlarge 100 -1 -1 -1   742.232999999999947249307
 6  37649.363636363639670890 100 30  1 m1.large 100 -1 -1 -1  1513.743999999999914507498
 6 140629.181818181823473424 100 30  1 m1.small 100 -1 -1 -1  1236.361000000000103682396
 6  21618.000000000000000000 100 30  1 m1.xlarge 100 -1 -1 -1  1451.402000000000043655746
 6  13304.818181818181983544 100 30  1 m2.2xlarge 100 -1 -1 -1  1616.905999999999949068297
 6   8979.090909090909917722 100 30  1 m2.4xlarge 100 -1 -1 -1  2011.554000000000087311491
 6  23172.272727272727934178 100 30  1 m2.xlarge 100 -1 -1 -1  1177.924999999999954525265
 6  30662.000000000000000000  50 30  1 c1.medium 100 -1 -1 -1   324.815999999999974079401
 6  11301.750000000000000000  50 30  1 c1.xlarge 100 -1 -1 -1   187.314999999999997726263
 6  38644.250000000000000000  50 30  1 m1.large 100 -1 -1 -1   191.334000000000003183231
 6 148722.125000000000000000  50 30  1 m1.small 100 -1 -1 -1   194.131000000000000227374
 6  21584.250000000000000000  50 30  1 m1.xlarge 100 -1 -1 -1   210.860000000000013642421
 6  12993.750000000000000000  50 30  1 m2.2xlarge 100 -1 -1 -1   338.040000000000020463631
 6   8693.875000000000000000  50 30  1 m2.4xlarge 100 -1 -1 -1   229.634999999999990905053
 6  23293.500000000000000000  50 30  1 m2.xlarge 100 -1 -1 -1   277.675000000000011368684
 6  34872.849056603772623930 100 30  5 c1.medium 100 -1 -1 -1  2186.436000000000149157131
 6  12111.603773584905866301 100 30  5 c1.xlarge 100 -1 -1 -1  3549.835000000000036379788
 6  44295.566037735850841273 100 30  5 m1.large 100 -1 -1 -1  8154.630000000000109139364
 6 183095.150943396234652027 100 30  5 m1.small 100 -1 -1 -1  4967.779999999999745341484
 6  23970.792452830188267399 100 30  5 m1.xlarge 100 -1 -1 -1  6644.265999999999621650204
 6  14594.566037735849022283 100 30  5 m2.2xlarge 100 -1 -1 -1  7547.967999999999847204890
 6   9278.188679245282401098 100 30  5 m2.4xlarge 100 -1 -1 -1  9124.175999999999476131052
 6  26253.943396226415643468 100 30  5 m2.xlarge 100 -1 -1 -1  7249.905999999999949068297
 6  28091.473684210526698735  50 30  5 c1.medium 100 -1 -1 -1   621.956000000000017280399
 6  10639.736842105263349367  50 30  5 c1.xlarge 100 -1 -1 -1   696.957999999999969986675
 6  35118.631578947366506327  50 30  5 m1.large 100 -1 -1 -1   434.798000000000001818989
 6 137269.421052631572820246  50 30  5 m1.small 100 -1 -1 -1   360.380999999999971805664
 6  20340.473684210526698735  50 30  5 m1.xlarge 100 -1 -1 -1   471.951999999999998181011
 6  12516.052631578946602531  50 30  5 m2.2xlarge 100 -1 -1 -1   614.745000000000004547474
 6   8184.157894736842536076  50 30  5 m2.4xlarge 100 -1 -1 -1   513.460000000000036379788
 6  21609.210526315790048102  50 30  5 m2.xlarge 100 -1 -1 -1   402.545000000000015916157
 6  36489.977941176468448248 100 30 10 c1.medium 100 -1 -1 -1  6088.884000000000014551915
 6  11789.139705882353155175 100 30 10 c1.xlarge 100 -1 -1 -1  8027.457000000000334694050
 6  46289.242647058825241402 100 30 10 m1.large 100 -1 -1 -1 15376.886000000000422005542
 6 185345.764705882349517196 100 30 10 m1.small 100 -1 -1 -1 13134.031999999999243300408
 6  24894.970588235293689650 100 30 10 m1.xlarge 100 -1 -1 -1 16131.152000000000043655746
 6  14646.742647058823422412 100 30 10 m2.2xlarge 100 -1 -1 -1 18680.069999999999708961695
 6   8955.632352941176577588 100 30 10 m2.4xlarge 100 -1 -1 -1 22722.572000000000116415322
 6  27569.095588235293689650 100 30 10 m2.xlarge 100 -1 -1 -1 13347.174999999999272404239
 6  23987.000000000000000000  50 30 10 c1.medium 100 -1 -1 -1   749.472999999999956344254
 6   9717.755555555555474712  50 30 10 c1.xlarge 100 -1 -1 -1  1181.055000000000063664629
 6  30118.088888888887595385  50 30 10 m1.large 100 -1 -1 -1   837.225999999999999090505
 6 131869.155555555567843840  50 30 10 m1.small 100 -1 -1 -1   773.653999999999996362021
 6  17884.155555555556929903  50 30 10 m1.xlarge 100 -1 -1 -1  1439.751999999999952706276
 6  10871.133333333333212067  50 30 10 m2.2xlarge 100 -1 -1 -1   837.967999999999960891728
 6   7475.600000000000363798  50 30 10 m2.4xlarge 100 -1 -1 -1  1034.071999999999889041646
 6  18328.333333333332120674  50 30 10 m2.xlarge 100 -1 -1 -1  1448.052500000000009094947
 7  30978.222222222222626442 100 30  1 c1.medium 100 -1 -1 -1   680.892000000000052750693
 7  10899.055555555554747116 100 30  1 c1.xlarge 100 -1 -1 -1  1976.233999999999923602445
 7  38784.222222222218988463 100 30  1 m1.large 100 -1 -1 -1  1685.333000000000083673513
 7 220620.277777777781011537 100 30  1 m1.small 100 -1 -1 -1  1952.310999999999921783456
 7  21775.277777777777373558 100 30  1 m1.xlarge 100 -1 -1 -1  1818.230000000000018189894
 7  13303.444444444445252884 100 30  1 m2.2xlarge 100 -1 -1 -1  2041.691000000000030922820
 7   8382.277777777777373558 100 30  1 m2.4xlarge 100 -1 -1 -1  3160.583999999999832652975
 7  23771.777777777777373558 100 30  1 m2.xlarge 100 -1 -1 -1  1508.106999999999970896170
 7  37853.500000000000000000  50 30  1 c1.medium 100 -1 -1 -1    79.513999999999995793587
 7  13047.750000000000000000  50 30  1 c1.xlarge 100 -1 -1 -1   175.120000000000004547474
 7  47314.250000000000000000  50 30  1 m1.large 100 -1 -1 -1   127.841999999999998749445
 7 178432.250000000000000000  50 30  1 m1.small 100 -1 -1 -1   133.329000000000007730705
 7  26470.500000000000000000  50 30  1 m1.xlarge 100 -1 -1 -1   135.355999999999994543032
 7  16292.000000000000000000  50 30  1 m2.2xlarge 100 -1 -1 -1   115.290000000000006252776
 7  10037.250000000000000000  50 30  1 m2.4xlarge 100 -1 -1 -1   131.599999999999994315658
 7  29121.000000000000000000  50 30  1 m2.xlarge 100 -1 -1 -1   161.324999999999988631316
 7  39531.235955056181410328 100 30  5 c1.medium 100 -1 -1 -1  3267.259000000000014551915
 7  11708.247191011236282066 100 30  5 c1.xlarge 100 -1 -1 -1  5094.550000000000181898940
 7  53618.539325842699327040 100 30  5 m1.large 100 -1 -1 -1  7954.113000000000283762347
 7 256659.101123595493845642 100 30  5 m1.small 100 -1 -1 -1  7326.600000000000363797881
 7  25638.438202247190929484 100 30  5 m1.xlarge 100 -1 -1 -1  9988.591000000000349245965
 7  15187.561797752809070516 100 30  5 m2.2xlarge 100 -1 -1 -1 12004.302999999999883584678
 7   8806.853932584270296502 100 30  5 m2.4xlarge 100 -1 -1 -1 14871.189000000000305590220
 7  28730.707865168540593004 100 30  5 m2.xlarge 100 -1 -1 -1  7980.947000000000116415322
 7  35162.000000000000000000  50 30  5 c1.medium 100 -1 -1 -1  1360.824000000000069121597
 7  12415.666666666666060337  50 30  5 c1.xlarge 100 -1 -1 -1  1101.692000000000007275958
 7  43950.266666666670062114  50 30  5 m1.large 100 -1 -1 -1   893.022000000000048203219
 7 165096.200000000011641532  50 30  5 m1.small 100 -1 -1 -1   925.182999999999992724042
 7  24852.433333333334303461  50 30  5 m1.xlarge 100 -1 -1 -1   953.419999999999959072738
 7  15295.700000000000727596  50 30  5 m2.2xlarge 100 -1 -1 -1  1116.130000000000109139364
 7   9551.200000000000727596  50 30  5 m2.4xlarge 100 -1 -1 -1   957.999000000000023646862
 7  27049.933333333334303461  50 30  5 m2.xlarge 100 -1 -1 -1  1217.256000000000085492502
 7  40802.687500000000000000 100 30 10 c1.medium 100 -1 -1 -1  4641.296000000000276486389
 7  12390.883928571429350995 100 30 10 c1.xlarge 100 -1 -1 -1  8122.679000000000087311491
 7  52201.285714285717403982 100 30 10 m1.large 100 -1 -1 -1 12818.811999999999898136593
 7 225063.151785714289871976 100 30 10 m1.small 100 -1 -1 -1 10146.079999999999927240424
 7  26861.794642857141298009 100 30 10 m1.xlarge 100 -1 -1 -1 13334.905000000000654836185
 7  15954.625000000000000000 100 30 10 m2.2xlarge 100 -1 -1 -1 14757.635000000000218278728
 7   9326.767857142856883002 100 30 10 m2.4xlarge 100 -1 -1 -1 17809.329000000001542503014
 7  30373.473214285713766003 100 30 10 m2.xlarge 100 -1 -1 -1 11787.531999999999243300408
 7  32689.891891891893465072  50 30 10 c1.medium 100 -1 -1 -1  2118.400999999999839928932
 7  11054.094594594595037051  50 30 10 c1.xlarge 100 -1 -1 -1  1785.976000000000112777343
 7  41710.648648648646485526  50 30 10 m1.large 100 -1 -1 -1  1667.223999999999932697392
 7 181514.108108108106534928  50 30 10 m1.small 100 -1 -1 -1  1411.703999999999950887286
 7  22226.824324324323242763  50 30 10 m1.xlarge 100 -1 -1 -1  4939.268000000000029103830
 7  13376.364864864865012350  50 30 10 m2.2xlarge 100 -1 -1 -1  1672.148999999999887222657
 7   8423.743243243243341567  50 30 10 m2.4xlarge 100 -1 -1 -1  2096.360000000000127329258
 7  24438.635135135136806639  50 30 10 m2.xlarge 100 -1 -1 -1  2193.032999999999901774572
 8  15774.899999999999636202 100 30  1 c1.medium 100 -1 -1 -1   243.742999999999994997779
 8   6337.100000000000363798 100 30  1 c1.xlarge 100 -1 -1 -1   339.920000000000015916157
 8  19718.000000000000000000 100 30  1 m1.large 100 -1 -1 -1   703.152000000000043655746
 8  71247.199999999997089617 100 30  1 m1.small 100 -1 -1 -1   559.802999999999997271516
 8  11803.100000000000363798 100 30  1 m1.xlarge 100 -1 -1 -1   689.424999999999954525265
 8   7264.000000000000000000 100 30  1 m2.2xlarge 100 -1 -1 -1   825.243000000000051841198
 8   4874.899999999999636202 100 30  1 m2.4xlarge 100 -1 -1 -1  1325.988100000000031286618
 8  12135.500000000000000000 100 30  1 m2.xlarge 100 -1 -1 -1   550.235999999999989995558
 8  11700.250000000000000000  50 30  1 c1.medium 100 -1 -1 -1    61.265000000000000568434
 8   6803.750000000000000000  50 30  1 c1.xlarge 100 -1 -1 -1    81.701999999999998181011
 8  14623.750000000000000000  50 30  1 m1.large 100 -1 -1 -1    37.621999999999999886313
 8  51500.000000000000000000  50 30  1 m1.small 100 -1 -1 -1    37.338000000000000966338
 8  10036.500000000000000000  50 30  1 m1.xlarge 100 -1 -1 -1    43.679999999999999715783
 8   6176.750000000000000000  50 30  1 m2.2xlarge 100 -1 -1 -1    53.140000000000000568434
 8   5233.750000000000000000  50 30  1 m2.4xlarge 100 -1 -1 -1    67.221999999999994201971
 8   9000.750000000000000000  50 30  1 m2.xlarge 100 -1 -1 -1   108.525000000000005684342
 8  32489.229508196720416890 100 30  5 c1.medium 100 -1 -1 -1  2523.192000000000007275958
 8  10956.770491803279583110 100 30  5 c1.xlarge 100 -1 -1 -1  4162.569999999999708961695
 8  41479.852459016394277569 100 30  5 m1.large 100 -1 -1 -1  7536.423999999999978172127
 8 194674.885245901648886502 100 30  5 m1.small 100 -1 -1 -1  5148.619999999999890860636
 8  22332.819672131146944594 100 30  5 m1.xlarge 100 -1 -1 -1  8020.998999999999796273187
 8  13404.901639344261639053 100 30  5 m2.2xlarge 100 -1 -1 -1  8264.915000000000873114914
 8   8421.655737704917555675 100 30  5 m2.4xlarge 100 -1 -1 -1 10077.975000000000363797881
 8  24557.213114754096750403 100 30  5 m2.xlarge 100 -1 -1 -1  5849.359999999999672581907
 8  34956.766666666670062114  50 30  5 c1.medium 100 -1 -1 -1  2597.485999999999876308721
 8  12118.266666666666424135  50 30  5 c1.xlarge 100 -1 -1 -1   976.149000000000000909495
 8  44030.233333333329937886  50 30  5 m1.large 100 -1 -1 -1   817.258000000000038198777
 8 184889.866666666668606922  50 30  5 m1.small 100 -1 -1 -1   823.368000000000051841198
 8  24480.866666666664968943  50 30  5 m1.xlarge 100 -1 -1 -1   934.231999999999970896170
 8  15064.200000000000727596  50 30  5 m2.2xlarge 100 -1 -1 -1   904.684999999999945430318
 8   9321.899999999999636202  50 30  5 m2.4xlarge 100 -1 -1 -1   949.039999999999963620212
 8  26890.033333333332848269  50 30  5 m2.xlarge 100 -1 -1 -1  1278.151000000000067302608
 8  38006.769230769234127365 100 30 10 c1.medium 100 -1 -1 -1  5474.126000000000203726813
 8  12634.264957264957047300 100 30 10 c1.xlarge 100 -1 -1 -1  8619.218800000000555883162
 8  48185.487179487179673743 100 30 10 m1.large 100 -1 -1 -1 13142.541999999999461579137
 8 197606.923076923063490540 100 30 10 m1.small 100 -1 -1 -1 12087.596999999999752617441
 8  26230.170940170941321412 100 30 10 m1.xlarge 100 -1 -1 -1 14708.078999999999723513611
 8  15936.205128205128858099 100 30 10 m2.2xlarge 100 -1 -1 -1 17183.562999999998282874003
 8   9610.837606837607381749 100 30 10 m2.4xlarge 100 -1 -1 -1 20487.902999999998428393155
 8  28996.094017094015725888 100 30 10 m2.xlarge 100 -1 -1 -1 11904.177999999999883584678
 8  41708.400000000001455192  50 30 10 c1.medium 100 -1 -1 -1  1788.249000000000023646862
 8  13260.466666666667151731  50 30 10 c1.xlarge 100 -1 -1 -1  1823.217000000000098225428
 8  53327.733333333329937886  50 30 10 m1.large 100 -1 -1 -1  1179.178000000000110958354
 8 223823.577777777769370005  50 30 10 m1.small 100 -1 -1 -1  1086.288000000000010913936
 8  27743.133333333335031057  50 30 10 m1.xlarge 100 -1 -1 -1  1971.748000000000047293724
 8  16567.888888888890505768  50 30 10 m2.2xlarge 100 -1 -1 -1  1535.538000000000010913936
 8  10102.533333333332848269  50 30 10 m2.4xlarge 100 -1 -1 -1  1371.276000000000067302608
 8  31109.000000000000000000  50 30 10 m2.xlarge 100 -1 -1 -1  1154.741999999999961801223
 9  53530.800000000002910383 100 30  1 c1.medium 100 -1 -1 -1   433.081999999999993633537
 9  17254.599999999998544808 100 30  1 c1.xlarge 100 -1 -1 -1   565.663499999999999090505
 9  66910.399999999994179234 100 30  1 m1.large 100 -1 -1 -1  1077.042999999999892679625
 9 256090.600000000005820766 100 30  1 m1.small 100 -1 -1 -1  1057.057999999999992724042
 9  36547.599999999998544808 100 30  1 m1.xlarge 100 -1 -1 -1  1142.719000000000050931703
 9  22493.599999999998544808 100 30  1 m2.2xlarge 100 -1 -1 -1  1389.983999999999923602445
 9  13273.799999999999272404 100 30  1 m2.4xlarge 100 -1 -1 -1  1535.773999999999887222657
 9  41180.800000000002910383 100 30  1 m2.xlarge 100 -1 -1 -1   946.458999999999946339813
 9   5131.750000000000000000  50 30  1 c1.medium 100 -1 -1 -1    23.945000000000000284217
 9   4077.750000000000000000  50 30  1 c1.xlarge 100 -1 -1 -1    17.980000000000000426326
 9   6414.750000000000000000  50 30  1 m1.large 100 -1 -1 -1    13.676000000000000156319
 9  18128.750000000000000000  50 30  1 m1.small 100 -1 -1 -1    10.031000000000000582645
 9   5455.250000000000000000  50 30  1 m1.xlarge 100 -1 -1 -1    18.096000000000000085265
 9   3357.250000000000000000  50 30  1 m2.2xlarge 100 -1 -1 -1    40.780000000000001136868
 9   3136.750000000000000000  50 30  1 m2.4xlarge 100 -1 -1 -1    26.600000000000001421085
 9   3947.750000000000000000  50 30  1 m2.xlarge 100 -1 -1 -1    23.385000000000001563194
 9  28945.322580645162815927 100 30  5 c1.medium 100 -1 -1 -1  2712.143999999999778083293
 9  10449.370967741935601225 100 30  5 c1.xlarge 100 -1 -1 -1  3488.164000000000214640750
 9  36293.000000000000000000 100 30  5 m1.large 100 -1 -1 -1  6602.088999999999941792339
 9 144735.241935483878478408 100 30  5 m1.small 100 -1 -1 -1  7096.685000000000400177669
 9  20633.693548387098417152 100 30  5 m1.xlarge 100 -1 -1 -1  7389.484999999999672581907
 9  12603.370967741935601225 100 30  5 m2.2xlarge 100 -1 -1 -1  8176.091999999999643478077
 9   8032.790322580644897243 100 30  5 m2.4xlarge 100 -1 -1 -1  9942.842000000000552972779
 9  22162.919354838708386524 100 30  5 m2.xlarge 100 -1 -1 -1  6104.242000000000189174898
 9  54080.742857142853608821  50 30  5 c1.medium 100 -1 -1 -1   957.571000000000026375346
 9  14270.399999999999636202  50 30  5 c1.xlarge 100 -1 -1 -1  1562.009999999999990905053
 9  69843.828571428573923185  50 30  5 m1.large 100 -1 -1 -1   858.779999999999972715159
 9 301160.942857142828870565  50 30  5 m1.small 100 -1 -1 -1   839.376999999999952706276
 9  33538.028571428571012802  50 30  5 m1.xlarge 100 -1 -1 -1  1313.236000000000103682396
 9  18525.142857142858701991  50 30  5 m2.2xlarge 100 -1 -1 -1  1524.634999999999990905053
 9  10713.371428571428623400  50 30  5 m2.4xlarge 100 -1 -1 -1  1157.568999999999959982233
 9  39530.571428571427532006  50 30  5 m2.xlarge 100 -1 -1 -1   860.024999999999977262632
 9  41456.939655172413040418 100 30 10 c1.medium 100 -1 -1 -1  5274.411000000000058207661
 9  12139.974137931034420035 100 30 10 c1.xlarge 100 -1 -1 -1  7427.534999999999854480848
 9  54098.637931034485518467 100 30 10 m1.large 100 -1 -1 -1 13182.748999999999796273187
 9 244565.931034482753602788 100 30 10 m1.small 100 -1 -1 -1 12067.683000000000902218744
 9  26098.629310344826080836 100 30 10 m1.xlarge 100 -1 -1 -1 14905.046000000000276486389
 9  15144.250000000000000000 100 30 10 m2.2xlarge 100 -1 -1 -1 17390.254000000000814907253
 9   9303.922413793103260105 100 30 10 m2.4xlarge 100 -1 -1 -1 21001.683000000000902218744
 9  29912.250000000000000000 100 30 10 m2.xlarge 100 -1 -1 -1 14248.014999999999417923391
 9  31920.592592592591245193  50 30 10 c1.medium 100 -1 -1 -1  2065.146000000000185536919
 9  11421.814814814815690625  50 30 10 c1.xlarge 100 -1 -1 -1  1651.201000000000021827873
 9  40051.592592592591245193  50 30 10 m1.large 100 -1 -1 -1  1279.953999999999950887286
 9 160964.759259259270038456  50 30 10 m1.small 100 -1 -1 -1  1267.279999999999972715159
 9  22694.537037037036498077  50 30 10 m1.xlarge 100 -1 -1 -1  1397.291999999999916326487
 9  13875.925925925925184856  50 30 10 m2.2xlarge 100 -1 -1 -1  1787.618999999999914507498
 9   8784.574074074074815144  50 30 10 m2.4xlarge 100 -1 -1 -1  1573.460000000000036379788
 9  24471.925925925927003846  50 30 10 m2.xlarge 100 -1 -1 -1  1261.934999999999945430318
10  37041.333333333335758653 100 30  1 c1.medium 100 -1 -1 -1   541.150999999999953615770
10  12165.777777777777373558 100 30  1 c1.xlarge 100 -1 -1 -1  1228.450000000000045474735
10  46299.888888888890505768 100 30  1 m1.large 100 -1 -1 -1  1324.714999999999918145477
10 177113.777777777781011537 100 30  1 m1.small 100 -1 -1 -1  2347.690000000000054569682
10  25385.000000000000000000 100 30  1 m1.xlarge 100 -1 -1 -1  1427.576999999999998181011
10  15623.222222222222626442 100 30  1 m2.2xlarge 100 -1 -1 -1  1601.182000000000016370905
10   9359.000000000000000000 100 30  1 m2.4xlarge 100 -1 -1 -1  1883.217000000000098225428
10  28495.888888888890505768 100 30  1 m2.xlarge 100 -1 -1 -1  1183.824000000000069121597
10  11925.000000000000000000  50 30  1 c1.medium 100 -1 -1 -1   104.049000000000006593837
10   7451.000000000000000000  50 30  1 c1.xlarge 100 -1 -1 -1   139.462999999999993860911
10  14905.333333333333939663  50 30  1 m1.large 100 -1 -1 -1    48.723999999999996646238
10  46628.333333333335758653  50 30  1 m1.small 100 -1 -1 -1    43.287999999999996703082
10  11044.500000000000000000  50 30  1 m1.xlarge 100 -1 -1 -1    63.752000000000002444267
10   6797.166666666666969832  50 30  1 m2.2xlarge 100 -1 -1 -1    57.259999999999998010480
10   5732.000000000000000000  50 30  1 m2.4xlarge 100 -1 -1 -1    85.277000000000001023182
10   9173.500000000000000000  50 30  1 m2.xlarge 100 -1 -1 -1    68.349999999999994315658
10  42731.559322033899661619 100 30  5 c1.medium 100 -1 -1 -1  2701.284999999999854480848
10  13363.677966101695346879 100 30  5 c1.xlarge 100 -1 -1 -1  5077.617000000000189174898
10  53812.406779661017935723 100 30  5 m1.large 100 -1 -1 -1  6423.384000000000014551915
10 225290.000000000000000000 100 30  5 m1.small 100 -1 -1 -1  6133.521999999999934516381
10  28576.084745762713282602 100 30  5 m1.xlarge 100 -1 -1 -1  7403.981999999999970896170
10  17320.152542372881725896 100 30  5 m2.2xlarge 100 -1 -1 -1  8382.329999999999927240424
10  10146.966101694915778353 100 30  5 m2.4xlarge 100 -1 -1 -1 10020.980999999999767169356
10  32502.779661016949830810 100 30  5 m2.xlarge 100 -1 -1 -1  6150.060999999999694409780
10  28265.666666666667879326  50 30  5 c1.medium 100 -1 -1 -1   458.961000000000012732926
10  10831.200000000000727596  50 30  5 c1.xlarge 100 -1 -1 -1   459.389999999999986357579
10  35330.199999999997089617  50 30  5 m1.large 100 -1 -1 -1   365.923999999999978172127
10 132509.666666666656965390  50 30  5 m1.small 100 -1 -1 -1   374.401999999999986812327
10  20482.266666666666424135  50 30  5 m1.xlarge 100 -1 -1 -1   395.564000000000021373125
10  12605.933333333332484472  50 30  5 m2.2xlarge 100 -1 -1 -1   748.075000000000045474735
10   8332.200000000000727596  50 30  5 m2.4xlarge 100 -1 -1 -1   415.100000000000022737368
10  21744.400000000001455192  50 30  5 m2.xlarge 100 -1 -1 -1   756.690000000000054569682
10  38661.671755725190450903 100 30 10 c1.medium 100 -1 -1 -1  7388.871000000000094587449
10  12853.335877862595225452 100 30 10 c1.xlarge 100 -1 -1 -1  9496.049999999999272404239
10  48675.526717557251686230 100 30 10 m1.large 100 -1 -1 -1 17871.628000000000611180440
10 194957.091603053442668170 100 30 10 m1.small 100 -1 -1 -1 16885.231999999999970896170
10  26624.664122137404774548 100 30 10 m1.xlarge 100 -1 -1 -1 22532.407999999999447027221
10  16140.190839694656460779 100 30 10 m2.2xlarge 100 -1 -1 -1 23290.449000000000523868948
10   9876.908396946564607788 100 30 10 m2.4xlarge 100 -1 -1 -1 26405.315999999998894054443
10  29429.786259541986510158 100 30 10 m2.xlarge 100 -1 -1 -1 16342.229999999999563442543
10  36795.147058823531551752  50 30 10 c1.medium 100 -1 -1 -1  1952.025000000000090949470
10  11441.852941176470267237  50 30 10 c1.xlarge 100 -1 -1 -1  2637.846799999999802821549
10  47117.941176470587379299  50 30 10 m1.large 100 -1 -1 -1  1420.821999999999889041646
10 207879.382352941174758598  50 30 10 m1.small 100 -1 -1 -1  1367.897999999999910869519
10  24439.617647058825241402  50 30 10 m1.xlarge 100 -1 -1 -1  1564.836000000000012732926
10  14423.882352941176577588  50 30 10 m2.2xlarge 100 -1 -1 -1  1684.386999999999943611328
10   8717.897058823529732763  50 30 10 m2.4xlarge 100 -1 -1 -1  1733.221999999999979991117
10  27386.955882352940534474  50 30 10 m2.xlarge 100 -1 -1 -1  2342.835000000000036379788
